3
10 9
-3447233 -6917665
-6627686 6023860
3217649 3089908
-1288827 8058559
-6754332 -7927984
-6627686 -3447233
3089908 8058559
6023860 3217649
-1288827 -6754332
2 1
7616760 4987345
100 50
2123563 6686813
6111816 -9584026
-9507357 -6474503
-1367516 -1085653
2955965 -1474153
-2663434 9343182
-7725526 302064
6561564 -1610532
-8612351 1885000
3080635 7916581
415147 8126060
8841583 2451407
1212511 4153361
3984693 3338124
-3066525 7802951
7824339 -73485
8240313 6136641
-854364 8554683
-2530970 4282162
-2761872 7778121
-4885313 5994877
-3703058 9097662
-2512869 9905513
5374858 -8706838
-9028155 1888483
1726095 14543
1386993 567678
4982303 -7400496
-1033004 -5278960
5040343 -1546020
-3721681 -1583177
-5446536 7483210
6037894 7034984
-3784547 1317147
-6006426 -6493076
2018154 1071627
-7314359 -8375387
831448 4046478
-3793694 172772
-2144008 4577608
9582088 -2821848
8565145 -5407849
-7333882 9574454
3681001 -2612842
-8942198 -7865018
4943854 -525374
2427064 -9070347
-3455558 7964638
-9018690 2759895
7004587 -8201863
-9584026 6686813
-6474503 -1085653
-2663434 -1474153
-1610532 -7725526
1885000 3080635
415147 8841583
4153361 3984693
7824339 -3066525
8554683 8240313
7778121 -2530970
-4885313 9097662
5374858 -2512869
1726095 -9028155
567678 4982303
-1033004 -1546020
7483210 -3721681
6037894 -3784547
-6006426 1071627
-7314359 831448
-3793694 -2144008
-5407849 9582088
9574454 3681001
-7865018 4943854
2427064 -3455558
-8201863 2759895
6111816 -9507357
9343182 302064
7916581 8126060
7802951 3338124
4282162 -854364
-3703058 9905513
1386993 14543
-1583177 5040343
-6493076 1317147
4046478 172772
8565145 -7333882
-525374 -9070347
2955965 -1367516
2451407 1212511
-2761872 5994877
-5278960 -7400496
-8375387 2018154
-2612842 -8942198
-8612351 6561564
1888483 -8706838
-2821848 4577608
-73485 6136641
7964638 -9018690
-5446536 7034984